-0.523598775598299
-0.537299109254689
-0.550558886713256
-0.563046806216003
-0.574491789266314
-0.584667190542455
-0.593378434006630
-0.600451758805262
-0.605722678851062
-0.609023384375453
-0.610168771029001
-0.612907619981801
-0.620237205711549
-0.630357100370281
-0.641430575704023
-0.651722483455722
-0.659689112594936
-0.664013359914294
-0.663598762061318
-0.657537256167484
-0.645057490672669
-0.625889240381529
-0.601482667867789
-0.573604281699087
-0.543891902809585
-0.513918922657138
-0.485267204721885
-0.459598068763177
-0.438706773419336
-0.424539559779865
-0.419148093019911
-0.420572991659742
-0.425043204832989
-0.432162947028706
-0.441524484573183
-0.452717118618331
-0.465334499988014
-0.478980824461870
-0.493276130270639
-0.507860771560311
-0.522399057195525
-0.536581979445292
-0.550128900080324
-0.562788013348541
-0.574335371111913
-0.584572240350595
-0.593320572149177
-0.600416399089493
-0.605701049683109
-0.609010177904227
-0.610160752748726
-0.612902890390324
-0.620234592563537
-0.630355793460296
-0.641430029606468
-0.651722347134208
-0.659689172447395
-0.664013494327143
-0.663598907440331
-0.657537383323137
-0.645057589457644
-0.625889310524247
-0.601482713999278
-0.573604309759378
-0.543891918246934
-0.513918929824881
-0.485267206837120
-0.459598068082162
-0.438706771459947
-0.424539557518568
-0.419148091041053
-0.420572990125443
-0.425043203661778
-0.432162946138384
-0.441524483894880
-0.452717118098907
-0.465334499588083
-0.478980824152707
-0.493276130031282
-0.507860771375263
-0.522399057053096
-0.536581979336461
-0.550128899997981
-0.562788013286999
-0.574335371066582
-0.584572240317768
-0.593320572125868
-0.600416399073321
-0.605701049672195
-0.609010177897111
-0.610160752744293
-0.612902890387955
-0.620234592562748
-0.630355793460518
-0.641430029607216
-0.651722347135139
-0.659689172448304
-0.664013494327928
-0.663598907440957
-0.657537383323607
-0.645057589457979
-0.625889310524473
-0.601482713999423
-0.573604309759466
-0.543891918246984
-0.513918929824908
-0.485267206837131
-0.459598068082164
-0.438706771459945
-0.424539557518564
-0.419148091041050
-0.420572990125440
-0.425043203661776
-0.432162946138383
-0.441524483894879
-0.452717118098906
-0.465334499588082
-0.478980824152707
-0.493276130031282
-0.507860771375262
-0.522399057053096
-0.536581979336461
-0.550128899997981
-0.562788013286998
-0.574335371066582
-0.584572240317768
-0.593320572125868
-0.600416399073321
-0.605701049672195
-0.609010177897111
-0.610160752744293
-0.612902890387955
-0.620234592562748
-0.630355793460518
-0.641430029607216
-0.651722347135139
-0.659689172448304
-0.664013494327928
-0.663598907440957
-0.657537383323607
-0.645057589457979
-0.625889310524473
-0.601482713999423
-0.573604309759466
-0.543891918246984
-0.513918929824907
-0.485267206837131
-0.459598068082164
-0.438706771459945
-0.424539557518564
-0.419148091041050
-0.420572990125440
-0.425043203661776
-0.432162946138383
-0.441524483894879
-0.452717118098906
-0.465334499588082
-0.478980824152707
-0.493276130031282
-0.507860771375262
-0.522399057053096
-0.536581979336461
-0.550128899997981
-0.562788013286998
-0.574335371066582
-0.584572240317768
-0.593320572125868
-0.600416399073321
-0.605701049672195
-0.609010177897111
-0.610160752744293
-0.612902890387955
-0.620234592562748
-0.630355793460518
-0.641430029607216
-0.651722347135139
-0.659689172448304
-0.664013494327928
-0.663598907440957
-0.657537383323607
-0.645057589457979
-0.625889310524473
-0.601482713999423
-0.573604309759466
-0.543891918246984
-0.513918929824907
-0.485267206837131
-0.459598068082164
-0.438706771459945
-0.424539557518564
-0.419148091041050
-0.420572990125440
-0.425043203661776
-0.432162946138383
-0.441524483894879
-0.452717118098906
-0.465334499588082
-0.478980824152707
-0.493276130031282
-0.507860771375262
-0.522399057053096