1.04719755119660
1.04613080453142
1.04457192470590
1.04254642872416
1.04014940036799
1.03753258392282
1.03489093310870
1.03244748630712
1.03043582006721
1.02907964389692
1.02856938314549
1.03428964248643
1.05077206152184
1.07603518793250
1.10747078124988
1.14221134595815
1.17738944312897
1.21027909080456
1.23834183014397
1.25920759078757
1.27061202596748
1.27089840474741
1.26089356427493
1.24226139027423
1.21686566230462
1.18676543161481
1.15424812977152
1.12187712009091
1.09252763119073
1.06937741868522
1.05581257758083
1.04967077482732
1.04595746595483
1.04408260631810
1.04352206095195
1.04381308994876
1.04455392646274
1.04540543239366
1.04609341529867
1.04641066704030
1.04621811826740
1.04544470988467
1.04408569256677
1.04219910774985
1.03990020414895
1.03735352488062
1.03476238226436
1.03235544070679
1.03037017215995
1.02903304782666
1.02853648582052
1.03426666253934
1.05075626049031
1.07602447916678
1.10746360836009
1.14220658046213
1.17738628990578
1.21027700365506
1.23834044157919
1.25920665750531
1.27061138877589
1.27089796059190
1.26089324757314
1.24226115936202
1.21686549048827
1.18676530155715
1.15424803001362
1.12187704290485
1.09252757124706
1.06937737221255
1.05581254182189
1.04967074750324
1.04595744512579
1.04408259047856
1.04352204893831
1.04381308086374
1.04455391961527
1.04540542725186
1.04609341145359
1.04641066417783
1.04621811614672
1.04544470832162
1.04408569142093
1.04219910691457
1.03990020354359
1.03735352444450
1.03476238195207
1.03235544048453
1.03037017200275
1.02903304771616
1.02853648574331
1.03426666248600
1.05075626045406
1.07602447914251
1.10746360834404
1.14220658045159
1.17738628989890
1.21027700365055
1.23834044157622
1.25920665750333
1.27061138877455
1.27089796059097
1.26089324757248
1.24226115936154
1.21686549048791
1.18676530155688
1.15424803001341
1.12187704290469
1.09252757124693
1.06937737221245
1.05581254182181
1.04967074750319
1.04595744512575
1.04408259047853
1.04352204893828
1.04381308086372
1.04455391961525
1.04540542725185
1.04609341145358
1.04641066417782
1.04621811614672
1.04544470832162
1.04408569142093
1.04219910691457
1.03990020354359
1.03735352444450
1.03476238195207
1.03235544048453
1.03037017200275
1.02903304771616
1.02853648574331
1.03426666248600
1.05075626045406
1.07602447914251
1.10746360834404
1.14220658045159
1.17738628989890
1.21027700365055
1.23834044157622
1.25920665750333
1.27061138877455
1.27089796059097
1.26089324757248
1.24226115936154
1.21686549048791
1.18676530155688
1.15424803001341
1.12187704290469
1.09252757124693
1.06937737221245
1.05581254182181
1.04967074750319
1.04595744512575
1.04408259047853
1.04352204893828
1.04381308086372
1.04455391961525
1.04540542725185
1.04609341145358
1.04641066417782
1.04621811614672
1.04544470832162
1.04408569142093
1.04219910691457
1.03990020354359
1.03735352444450
1.03476238195207
1.03235544048453
1.03037017200275
1.02903304771616
1.02853648574331
1.03426666248600
1.05075626045406
1.07602447914251
1.10746360834404
1.14220658045159
1.17738628989890
1.21027700365055
1.23834044157622
1.25920665750333
1.27061138877455
1.27089796059097
1.26089324757248
1.24226115936154
1.21686549048791
1.18676530155688
1.15424803001341
1.12187704290469
1.09252757124693
1.06937737221245
1.05581254182181
1.04967074750319
1.04595744512575
1.04408259047853
1.04352204893828
1.04381308086372
1.04455391961525
1.04540542725185
1.04609341145358
1.04641066417782
1.04621811614672